Oscilloscope data. 
Time step = 5,000 uS
Voltage step = 31,25 mV
Zero level = 26

N 	Smpl.	Trig

0	86	0
1	91	0
2	95	0
3	99	0
4	103	0
5	106	0
6	109	0
7	111	0
8	114	0
9	115	0
10	116	0
11	116	0
12	116	0
13	116	0
14	114	0
15	113	0
16	112	0
17	109	0
18	108	0
19	104	0
20	101	0
21	99	0
22	96	0
23	93	0
24	90	0
25	87	0
26	85	0
27	82	0
28	78	0
29	78	0
30	76	0
31	73	0
32	72	0
33	72	0
34	71	0
35	70	0
36	71	0
37	71	0
38	71	0
39	73	0
40	74	0
41	76	0
42	77	0
43	79	0
44	82	0
45	84	0
46	86	0
47	89	0
48	92	0
49	94	0
50	97	0
51	101	0
52	103	0
53	105	0
54	108	0
55	109	0
56	110	0
57	112	0
58	113	0
59	114	0
60	114	0
61	113	0
62	112	0
63	112	0
64	110	0
65	108	0
66	106	0
67	103	0
68	100	0
69	96	0
70	92	0
71	88	0
72	84	0
73	80	0
74	76	0
75	72	0
76	67	0
77	63	0
78	61	0
79	57	0
80	56	0
81	53	0
82	52	0
83	52	0
84	53	0
85	53	0
86	54	0
87	57	0
88	61	0
89	64	0
90	69	0
91	74	0
92	80	0
93	85	0
94	91	0
95	97	0
96	104	0
97	110	0
98	116	0
99	122	0
100	128	0
101	131	0
102	136	0
103	139	0
104	141	0
105	143	0
106	144	0
107	144	0
108	142	0
109	140	0
110	136	0
111	132	0
112	125	0
113	120	0
114	113	0
115	106	0
116	98	0
117	89	0
118	82	0
119	74	0
120	66	0
121	59	0
122	53	0
123	45	0
124	40	0
125	35	0
126	32	0
127	29	0
128	27	0
129	27	0
130	28	0
131	30	0
132	32	0
133	37	0
134	42	0
135	48	0
136	55	0
137	62	0
138	70	0
139	79	0
140	87	0
141	96	0
142	104	0
143	112	0
144	120	0
145	127	0
146	134	0
147	140	0
148	144	0
149	148	0
150	150	0
151	151	0
152	152	0
153	151	0
154	149	0
155	146	0
156	142	0
157	136	0
158	131	0
159	124	0
160	117	0
161	110	0
162	102	0
163	94	0
164	86	0
165	78	0
166	72	0
167	65	0
168	60	0
169	54	0
170	49	0
171	45	0
172	42	0
173	40	0
174	40	0
175	40	0
176	40	0
177	42	0
178	45	0
179	48	0
180	53	0
181	56	0
182	62	0
183	67	0
184	74	0
185	78	0
186	85	0
187	91	0
188	96	0
189	102	0
190	106	0
191	111	0
192	116	0
193	118	0
194	120	0
195	123	0
196	125	0
197	125	0
198	125	0
199	124	0
200	122	0
201	120	0
202	118	0
203	116	0
204	112	0
205	109	0
206	105	0
207	101	0
208	97	0
209	94	0
210	90	0
211	86	0
212	82	0
213	80	0
214	77	0
215	75	0
216	72	0
217	71	0
218	69	0
219	69	0
220	68	0
221	68	0
222	68	0
223	69	0
224	69	0
225	71	0
226	72	0
227	74	0
228	77	0
229	79	0
230	81	0
231	84	0
232	86	0
233	88	0
234	92	0
235	94	0
236	96	0
237	100	0
238	101	0
239	104	0
240	105	0
241	107	0
242	108	0
243	109	0
244	109	0
245	109	0
246	109	0
247	109	0
248	109	0
249	108	0
250	106	0
251	105	0
252	102	0
253	101	0
254	97	0
255	94	0
256	92	0
257	88	0
258	85	0
259	82	0
260	78	0
261	76	0
262	73	0
263	70	0
264	68	0
265	65	0
266	62	0
267	62	0
268	61	0
269	61	0
270	61	0
271	62	0
272	63	0
273	64	0
274	67	0
275	70	0
276	74	0
277	77	0
278	81	0
279	86	0
280	90	0
281	95	0
282	101	0
283	106	0
284	110	0
285	116	0
286	120	0
287	124	0
288	127	0
289	130	0
290	132	0
291	134	0
292	134	0
293	134	0
294	133	0
295	131	0
296	129	0
297	125	0
298	120	0
299	116	0
300	110	0
301	104	0
302	97	0
303	90	0
304	83	0
305	76	0
306	69	0
307	63	0
308	56	0
309	50	0
310	45	0
311	40	0
312	37	0
313	34	0
314	32	0
315	32	0
316	32	0
317	33	0
318	36	0
319	39	0
320	44	0
321	49	0
322	56	0
323	63	0
324	71	0
325	78	0
326	87	0
327	95	0
328	104	0
329	112	0
330	120	0
331	127	0
332	134	0
333	140	0
334	144	0
335	149	0
336	152	0
337	153	0
338	154	0
339	153	0
340	151	0
341	148	0
342	144	0
343	140	0
344	134	0
345	127	0
346	120	0
347	112	0
348	104	0
349	95	0
350	87	0
351	78	0
352	70	0
353	62	0
354	56	0
355	49	0
356	44	0
357	40	0
358	36	0
359	33	0
360	32	0
361	32	0
362	32	0
363	34	0
364	37	0
365	40	0
366	45	0
367	50	0
368	56	0
369	63	0
370	69	0
371	77	0
372	84	0
373	90	0
374	97	0
375	104	0
376	110	0
377	116	0
378	120	0
379	125	0
380	128	0
381	131	0
382	133	0
383	134	0
384	134	0
385	134	0
386	132	0
387	130	0
388	127	0
389	123	0
390	119	0
391	115	0
392	110	0
393	105	0
394	101	0
395	96	0
396	90	0
397	86	0
398	82	0
399	77	0
400	73	0
401	70	0
402	68	0
403	65	0
404	62	0
405	62	0
406	61	0
407	61	0
408	62	0
409	63	0
410	64	0
411	66	0
412	68	0
413	70	0
414	74	0
415	77	0
416	80	0
417	83	0
418	85	0
419	88	0
420	92	0
421	95	0
422	97	0
423	100	0
424	102	0
425	104	0
426	106	0
427	108	0
428	109	0
429	109	0
430	109	0
431	109	0
432	109	0
433	109	0
434	108	0
435	106	0
436	104	0
437	104	0
438	101	0
439	99	0
440	96	0
441	94	0
442	92	0
443	88	0
444	86	0
445	84	0
446	81	0
447	79	0
448	76	0
449	74	0
450	72	0
451	70	0
452	69	0
453	68	0
454	69	0
455	68	0
456	68	0
457	68	0
458	69	0
459	71	0
460	72	0
461	75	0
462	77	0
463	80	0
464	84	0
465	86	0
466	91	0
467	94	0
468	98	0
469	102	0
470	105	0
471	109	0
472	113	0
473	116	0
474	119	0
475	121	0
476	122	0
477	124	0
478	125	0
479	125	0
480	124	0
481	122	0
482	120	0
483	118	0
484	115	0
485	112	0
486	106	0
487	102	0
488	96	0
489	91	0
490	85	0
491	80	0
492	73	0
493	67	0
494	62	0
495	56	0
496	52	0
497	48	0
498	45	0
499	42	0
500	40	0
501	40	0
502	40	0
503	40	0
504	43	0
505	45	0
506	49	0
507	54	0
508	59	0
509	65	0
510	72	0
511	80	0
512	87	0
513	94	0
514	102	0
515	110	0
516	117	0
517	124	0
518	131	0
519	137	0
520	142	0
521	146	0
522	149	0
523	151	0
524	152	0
525	152	0
526	150	0
527	148	0
528	144	0
529	140	0
530	134	0
531	127	0
532	120	0
533	112	0
534	104	0
535	94	0
536	87	0
537	78	0
538	70	0
539	62	0
540	55	0
541	48	0
542	42	0
543	37	0
544	32	0
545	30	0
546	28	0
547	27	0
548	28	0
549	29	0
550	32	0
551	35	0
552	40	0
553	46	0
554	52	0
555	60	0
556	66	0
557	75	0
558	83	0
559	90	0
560	98	0
561	106	0
562	112	0
563	120	0
564	126	0
565	132	0
566	136	0
567	139	0
568	141	0
569	143	0
570	144	0
571	142	0
572	141	0
573	139	0
574	136	0
575	131	0
576	128	0
577	120	0
578	116	0
579	110	0
580	103	0
581	97	0
582	91	0
583	85	0
584	79	0
585	74	0
586	69	0
587	64	0
588	61	0
589	58	0
590	55	0
591	53	0
592	53	0
593	52	0
594	53	0
595	54	0
596	56	0
597	58	0
598	61	0
599	64	0
600	68	0
601	72	0
602	76	0
603	80	0
604	84	0
605	88	0
606	92	0
607	96	0
608	99	0
609	103	0
610	106	0
611	108	0
612	110	0
613	112	0
614	113	0
615	114	0
616	114	0
617	114	0
618	113	0
619	112	0
620	111	0
621	109	0
622	107	0
623	105	0
624	102	0
625	100	0
626	97	0
627	95	0
628	92	0
629	88	0
630	87	0
631	84	0
632	82	0
633	79	0
634	77	0
635	76	0
636	73	0
637	72	0
638	72	0
639	72	0
640	70	0
641	71	0
642	71	0
643	72	0
644	72	0
645	74	0
646	76	0
647	78	0
648	80	0
649	81	0
650	85	0
651	87	0
652	90	0
653	93	0
654	96	0
655	99	0
656	101	0
657	104	0
658	108	0
659	109	0
660	112	0
661	113	0
662	115	0
663	116	0
664	117	0
665	116	0
666	116	0
667	115	0
668	113	0
669	112	0
670	109	0
671	106	0
672	103	0
673	99	0
674	95	0
675	90	0
676	86	0
677	82	0
678	77	0
679	72	0
680	68	0
681	64	0
682	60	0
683	56	0
684	53	0
685	52	0
686	50	0
687	48	0
688	48	0
689	49	0
690	51	0
691	53	0
692	56	0
693	60	0
694	64	0
695	69	0
696	75	0
697	80	0
698	87	0
699	94	0
700	100	0
701	106	0
702	113	0
703	120	0
704	126	0
705	131	0
706	136	0
707	140	0
708	143	0
709	145	0
710	146	0
711	146	0
712	144	0
713	143	0
714	140	0
715	136	0
716	131	0
717	125	0
718	119	0
719	112	0
720	104	0
721	96	0
722	87	0
723	80	0
724	71	0
725	62	0
726	56	0
727	48	0
728	43	0
729	37	0
730	33	0
731	30	0
732	28	0
733	27	0
734	26	0
735	28	0
736	30	0
737	34	0
738	38	0
739	44	0
740	50	0
741	57	0
742	65	0
743	73	0
744	82	0
745	90	0
746	99	0
747	107	0
748	115	0
749	122	0
750	129	0
751	136	0
752	141	0
753	144	0
754	148	0
755	149	0
756	150	0
757	149	0
758	149	0
759	146	0
760	143	0
761	138	0
762	133	0
763	128	0
764	120	0
765	113	0
766	106	0
767	98	0
768	92	0
769	85	0
770	77	0
771	71	0
772	64	0
773	59	0
774	53	0
775	49	0
776	46	0
777	45	0
778	43	0
779	42	0
780	44	0
781	44	0
782	46	0
783	49	0
784	52	0
785	56	0
786	61	0
787	66	0
788	71	0
789	77	0
790	82	0
791	86	0
792	93	0
793	97	0
794	102	0
795	107	0
796	110	0
797	114	0
798	117	0
799	118	0
800	120	0
801	120	0
802	122	0
803	121	0
804	120	0
805	118	0
806	117	0
807	115	0
808	112	0
809	109	0
810	106	0
811	103	0
812	100	0
813	96	0
814	93	0
815	88	0
816	85	0
817	83	0
818	80	0
819	77	0
820	75	0
821	72	0
822	72	0
823	71	0
824	69	0
825	69	0
826	69	0
827	69	0
828	70	0
829	71	0
830	72	0
831	74	0
832	76	0
833	78	0
834	80	0
835	83	0
836	85	0
837	88	0
838	90	0
839	92	0
840	95	0
841	97	0
842	100	0
843	102	0
844	104	0
845	106	0
846	108	0
847	109	0
848	110	0
849	110	0
850	110	0
851	111	0
852	110	0
853	109	0
854	109	0
855	107	0
856	104	0
857	102	0
858	100	0
859	97	0
860	94	0
861	91	0
862	88	0
863	84	0
864	81	0
865	77	0
866	73	0
867	70	0
868	68	0
869	64	0
870	62	0
871	60	0
872	60	0
873	58	0
874	58	0
875	58	0
876	60	0
877	61	0
878	62	0
879	66	0
880	69	0
881	74	0
882	78	0
883	82	0
884	88	0
885	93	0
886	97	0
887	104	0
888	109	0
889	114	0
890	119	0
891	124	0
892	128	0
893	132	0
894	134	0
895	136	0
896	137	0
897	137	0
898	137	0
899	136	0
900	133	0
901	129	0
902	126	0
903	120	0
904	116	0
905	109	0
906	102	0
907	94	0
908	88	0
909	80	0
910	73	0
911	66	0
912	59	0
913	52	0
914	46	0
915	41	0
916	37	0
917	33	0
918	32	0
919	30	0
920	30	0
921	31	0
922	33	0
923	36	0
924	40	0
925	45	0
926	50	0
927	58	0
928	65	0
929	73	0
930	81	0
931	90	0
932	98	0
933	106	0
934	114	0
935	123	0
936	130	0
937	136	0
938	142	0
939	146	0
940	149	0
941	152	0
942	154	0
943	154	0
944	152	0
945	150	0
946	147	0
947	142	0
948	137	0
949	130	0
950	124	0
951	117	0
952	109	0
953	101	0
954	92	0
955	84	0
956	76	0
957	68	0
958	61	0
959	54	0
960	49	0
961	44	0
962	40	0
963	37	0
964	34	0
965	34	0
966	34	0
967	35	0
968	37	0
969	40	0
970	45	0
971	49	0
972	54	0
973	61	0
974	67	0
975	73	0
976	80	0
977	86	0
978	93	0
979	99	0
980	105	0
981	112	0
982	116	0
983	120	0
984	124	0
985	127	0
986	129	0
987	130	0
988	132	0
989	131	0
990	130	0
991	128	0
992	126	0
993	123	0
994	120	0
995	116	0
996	111	0
997	106	0
998	102	0
999	98	0
