Oscilloscope data. 
Time step = 100,0 nS
Voltage step = 31,25 mV
Zero level = 77

N 	Smpl.	Trig

0	201	0
1	204	0
2	205	0
3	205	0
4	204	0
5	203	0
6	200	0
7	196	0
8	191	0
9	186	0
10	181	0
11	173	0
12	167	0
13	159	0
14	151	0
15	143	0
16	134	0
17	127	0
18	119	0
19	111	0
20	104	0
21	97	0
22	93	0
23	88	0
24	83	0
25	81	0
26	78	0
27	77	0
28	77	0
29	77	0
30	79	0
31	83	0
32	86	0
33	91	0
34	96	0
35	103	0
36	109	0
37	117	0
38	124	0
39	131	0
40	140	0
41	148	0
42	156	0
43	164	0
44	171	0
45	177	0
46	184	0
47	189	0
48	195	0
49	199	0
50	202	0
51	204	0
52	205	0
53	205	0
54	205	0
55	203	0
56	200	0
57	196	0
58	191	0
59	185	0
60	180	0
61	173	0
62	166	0
63	159	0
64	151	0
65	141	0
66	133	0
67	127	0
68	119	0
69	111	0
70	104	0
71	97	0
72	92	0
73	88	0
74	83	0
75	80	0
76	78	0
77	77	0
78	77	0
79	77	0
80	79	0
81	83	0
82	87	0
83	91	0
84	96	0
85	101	0
86	109	0
87	117	0
88	124	0
89	132	0
90	140	0
91	148	0
92	156	0
93	163	0
94	171	0
95	178	0
96	183	0
97	189	0
98	195	0
99	199	0
100	201	0
101	204	0
102	205	0
103	205	0
104	204	0
105	203	0
106	200	0
107	196	0
108	192	0
109	185	0
110	180	0
111	173	0
112	165	0
113	158	0
114	151	0
115	142	0
116	135	0
117	127	0
118	119	0
119	112	0
120	105	0
121	97	0
122	93	0
123	88	0
124	83	0
125	80	0
126	77	0
127	77	0
128	77	0
129	77	0
130	80	0
131	83	0
132	87	0
133	91	0
134	97	0
135	101	0
136	109	0
137	116	0
138	124	0
139	131	0
140	140	0
141	149	0
142	156	0
143	164	0
144	171	0
145	178	0
146	184	0
147	190	0
148	195	0
149	199	0
150	201	0
151	204	0
152	205	0
153	205	0
154	204	0
155	203	0
156	200	0
157	196	0
158	192	0
159	187	0
160	180	0
161	173	0
162	165	0
163	159	0
164	151	0
165	141	0
166	133	0
167	127	0
168	119	0
169	111	0
170	104	0
171	99	0
172	93	0
173	88	0
174	84	0
175	80	0
176	79	0
177	77	0
178	77	0
179	77	0
180	80	0
181	83	0
182	87	0
183	91	0
184	96	0
185	102	0
186	109	0
187	117	0
188	124	0
189	132	0
190	140	0
191	148	0
192	156	0
193	163	0
194	171	0
195	178	0
196	184	0
197	189	0
198	195	0
199	199	0
200	201	0
201	204	0
202	205	0
203	205	0
204	205	0
205	203	0
206	200	0
207	196	0
208	192	0
209	185	0
210	180	0
211	173	0
212	165	0
213	159	0
214	151	0
215	141	0
216	133	0
217	126	0
218	119	0
219	112	0
220	105	0
221	97	0
222	93	0
223	87	0
224	83	0
225	81	0
226	79	0
227	77	0
228	77	0
229	77	0
230	79	0
231	83	0
232	87	0
233	91	0
234	96	0
235	103	0
236	109	0
237	116	0
238	124	0
239	132	0
240	140	0
241	148	0
242	156	0
243	164	0
244	171	0
245	178	0
246	184	0
247	189	0
248	195	0
249	199	0
250	201	0
251	204	0
252	205	0
253	205	0
254	204	0
255	203	0
256	200	0
257	196	0
258	191	0
259	186	0
260	180	0
261	173	0
262	166	0
263	159	0
264	151	0
265	141	0
266	135	0
267	127	0
268	119	0
269	112	0
270	105	0
271	97	0
272	93	0
273	88	0
274	84	0
275	80	0
276	78	0
277	77	0
278	77	0
279	77	0
280	80	0
281	83	0
282	87	0
283	91	0
284	96	0
285	103	0
286	109	0
287	117	0
288	124	0
289	133	0
290	140	0
291	148	0
292	156	0
293	164	0
294	171	0
295	179	0
296	183	0
297	189	0
298	195	0
299	199	0
300	201	0
301	204	0
302	205	0
303	205	0
304	204	0
305	203	0
306	200	0
307	196	0
308	192	0
309	186	0
310	179	0
311	173	0
312	165	0
313	159	0
314	151	0
315	143	0
316	135	0
317	127	0
318	119	0
319	112	0
320	105	0
321	97	0
322	93	0
323	88	0
324	83	0
325	81	0
326	77	0
327	77	0
328	77	0
329	77	0
330	79	0
331	83	0
332	87	0
333	91	0
334	96	0
335	101	0
336	109	0
337	116	0
338	124	0
339	132	0
340	140	0
341	147	0
342	156	0
343	164	0
344	171	0
345	178	0
346	184	0
347	189	0
348	195	0
349	199	0
350	202	0
351	204	0
352	205	0
353	205	0
354	204	0
355	203	0
356	200	0
357	196	0
358	191	0
359	187	0
360	180	0
361	173	0
362	165	0
363	159	0
364	151	0
365	143	0
366	135	0
367	127	0
368	119	0
369	112	0
370	105	0
371	97	0
372	93	0
373	88	0
374	83	0
375	81	0
376	79	0
377	77	0
378	77	0
379	77	0
380	80	0
381	83	0
382	87	0
383	91	0
384	96	0
385	101	0
386	109	0
387	117	0
388	125	0
389	132	0
390	140	0
391	148	0
392	156	0
393	163	0
394	171	0
395	179	0
396	184	0
397	190	0
398	195	0
399	199	0
400	203	0
401	204	0
402	205	0
403	205	0
404	204	0
405	203	0
406	200	0
407	196	0
408	192	0
409	185	0
410	180	0
411	173	0
412	165	0
413	159	0
414	151	0
415	142	0
416	134	0
417	127	0
418	119	0
419	111	0
420	105	0
421	98	0
422	93	0
423	88	0
424	84	0
425	81	0
426	79	0
427	77	0
428	77	0
429	77	0
430	80	0
431	83	0
432	87	0
433	91	0
434	96	0
435	103	0
436	109	0
437	117	0
438	125	0
439	132	0
440	140	0
441	148	0
442	156	0
443	164	0
444	171	0
445	179	0
446	184	0
447	189	0
448	195	0
449	199	0
450	201	0
451	204	0
452	205	0
453	205	0
454	204	0
455	203	0
456	199	0
457	196	0
458	192	0
459	186	0
460	180	0
461	173	0
462	167	0
463	159	0
464	151	0
465	141	0
466	134	0
467	127	0
468	119	0
469	111	0
470	104	0
471	97	0
472	92	0
473	88	0
474	84	0
475	80	0
476	79	0
477	77	0
478	77	0
479	77	0
480	79	0
481	83	0
482	87	0
483	91	0
484	96	0
485	101	0
486	109	0
487	117	0
488	125	0
489	132	0
490	140	0
491	148	0
492	156	0
493	163	0
494	171	0
495	178	0
496	184	0
497	190	0
498	195	0
499	199	0
500	202	0
501	204	0
502	205	0
503	205	0
504	204	0
505	203	0
506	200	0
507	196	0
508	191	0
509	186	0
510	180	0
511	173	0
512	167	0
513	159	0
514	150	0
515	141	0
516	134	0
517	125	0
518	119	0
519	111	0
520	104	0
521	99	0
522	92	0
523	88	0
524	84	0
525	81	0
526	78	0
527	77	0
528	77	0
529	77	0
530	79	0
531	83	0
532	87	0
533	91	0
534	96	0
535	102	0
536	109	0
537	117	0
538	125	0
539	132	0
540	140	0
541	148	0
542	156	0
543	164	0
544	171	0
545	178	0
546	184	0
547	189	0
548	195	0
549	199	0
550	201	0
551	204	0
552	205	0
553	205	0
554	204	0
555	203	0
556	200	0
557	196	0
558	191	0
559	185	0
560	179	0
561	173	0
562	165	0
563	159	0
564	151	0
565	141	0
566	135	0
567	127	0
568	119	0
569	111	0
570	105	0
571	97	0
572	92	0
573	88	0
574	84	0
575	80	0
576	79	0
577	77	0
578	77	0
579	77	0
580	80	0
581	83	0
582	87	0
583	91	0
584	96	0
585	102	0
586	109	0
587	116	0
588	124	0
589	131	0
590	140	0
591	148	0
592	156	0
593	164	0
594	171	0
595	178	0
596	184	0
597	190	0
598	195	0
599	199	0
600	202	0
601	204	0
602	205	0
603	205	0
604	204	0
605	203	0
606	200	0
607	195	0
608	192	0
609	186	0
610	180	0
611	173	0
612	165	0
613	157	0
614	151	0
615	141	0
616	135	0
617	127	0
618	119	0
619	111	0
620	104	0
621	97	0
622	92	0
623	88	0
624	83	0
625	80	0
626	78	0
627	77	0
628	77	0
629	77	0
630	79	0
631	83	0
632	87	0
633	91	0
634	96	0
635	101	0
636	109	0
637	116	0
638	125	0
639	131	0
640	139	0
641	148	0
642	156	0
643	164	0
644	171	0
645	178	0
646	184	0
647	189	0
648	193	0
649	199	0
650	201	0
651	204	0
652	205	0
653	205	0
654	204	0
655	203	0
656	199	0
657	195	0
658	192	0
659	185	0
660	179	0
661	173	0
662	165	0
663	158	0
664	151	0
665	141	0
666	133	0
667	127	0
668	119	0
669	112	0
670	104	0
671	97	0
672	92	0
673	88	0
674	84	0
675	80	0
676	79	0
677	77	0
678	77	0
679	77	0
680	79	0
681	83	0
682	87	0
683	91	0
684	96	0
685	103	0
686	109	0
687	117	0
688	125	0
689	132	0
690	140	0
691	148	0
692	156	0
693	163	0
694	171	0
695	178	0
696	184	0
697	190	0
698	195	0
699	199	0
700	201	0
701	204	0
702	205	0
703	205	0
704	204	0
705	203	0
706	200	0
707	196	0
708	191	0
709	186	0
710	180	0
711	173	0
712	165	0
713	159	0
714	151	0
715	141	0
716	133	0
717	126	0
718	119	0
719	112	0
720	105	0
721	97	0
722	93	0
723	88	0
724	84	0
725	80	0
726	79	0
727	77	0
728	77	0
729	77	0
730	79	0
731	83	0
732	87	0
733	91	0
734	97	0
735	102	0
736	109	0
737	117	0
738	124	0
739	132	0
740	140	0
741	148	0
742	156	0
743	164	0
744	171	0
745	178	0
746	184	0
747	189	0
748	195	0
749	199	0
750	202	0
751	204	0
752	205	0
753	205	0
754	205	0
755	203	0
756	200	0
757	196	0
758	191	0
759	185	0
760	180	0
761	173	0
762	166	0
763	159	0
764	151	0
765	143	0
766	133	0
767	127	0
768	119	0
769	112	0
770	105	0
771	97	0
772	92	0
773	88	0
774	83	0
775	80	0
776	79	0
777	77	0
778	77	0
779	77	0
780	80	0
781	83	0
782	87	0
783	91	0
784	96	0
785	103	0
786	109	0
787	116	0
788	124	0
789	132	0
790	140	0
791	148	0
792	156	0
793	164	0
794	171	0
795	179	0
796	184	0
797	189	0
798	195	0
799	199	0
800	203	0
801	204	0
802	205	0
803	205	0
804	205	0
805	203	0
806	200	0
807	196	0
808	191	0
809	187	0
810	180	0
811	173	0
812	165	0
813	159	0
814	151	0
815	141	0
816	135	0
817	127	0
818	119	0
819	111	0
820	104	0
821	99	0
822	92	0
823	88	0
824	84	0
825	80	0
826	79	0
827	77	0
828	77	0
829	77	0
830	80	0
831	83	0
832	86	0
833	91	0
834	96	0
835	101	0
836	109	0
837	117	0
838	124	0
839	132	0
840	140	0
841	148	0
842	156	0
843	164	0
844	171	0
845	179	0
846	184	0
847	189	0
848	195	0
849	199	0
850	202	0
851	204	0
852	205	0
853	205	0
854	204	0
855	203	0
856	199	0
857	196	0
858	191	0
859	187	0
860	180	0
861	173	0
862	165	0
863	159	0
864	151	0
865	141	0
866	135	0
867	127	0
868	119	0
869	112	0
870	104	0
871	97	0
872	93	0
873	88	0
874	83	0
875	81	0
876	77	0
877	77	0
878	77	0
879	77	0
880	79	0
881	83	0
882	87	0
883	91	0
884	97	0
885	102	0
886	109	0
887	117	0
888	124	0
889	132	0
890	140	0
891	148	0
892	156	0
893	164	0
894	171	0
895	177	0
896	184	0
897	189	0
898	195	0
899	199	0
900	201	0
901	204	0
902	205	0
903	205	0
904	205	0
905	203	0
906	200	0
907	195	0
908	191	0
909	187	0
910	180	0
911	173	0
912	165	0
913	159	0
914	151	0
915	143	0
916	135	0
917	127	0
918	119	0
919	112	0
920	104	0
921	97	0
922	93	0
923	88	0
924	84	0
925	80	0
926	77	0
927	77	0
928	77	0
929	77	0
930	79	0
931	83	0
932	87	0
933	91	0
934	96	0
935	101	0
936	109	0
937	116	0
938	124	0
939	132	0
940	140	0
941	149	0
942	156	0
943	163	0
944	171	0
945	179	0
946	184	0
947	189	0
948	195	0
949	199	0
950	202	0
951	203	0
952	205	0
953	205	0
954	205	0
955	203	0
956	200	0
957	196	0
958	191	0
959	185	0
960	180	0
961	173	0
962	167	0
963	159	0
964	151	0
965	143	0
966	133	0
967	127	0
968	119	0
969	111	0
970	105	0
971	99	0
972	93	0
973	88	0
974	84	0
975	80	0
976	77	0
977	77	0
978	77	0
979	77	0
980	80	0
981	83	0
982	87	0
983	91	0
984	96	0
985	102	0
986	109	0
987	117	0
988	124	0
989	131	0
990	140	0
991	148	0
992	156	0
993	164	0
994	171	0
995	179	0
996	185	0
997	191	0
998	195	0
999	199	0
