2.170343715262369 2.0942042686940456 1.5407560264697686
2.1813402041913412 2.0923314614645068 1.5182106555836647
2.180735707429452 2.0927441768398056 1.5100639248570875
2.1808156219472705 2.09343720888348 1.5119622942845066
2.179519479491325 2.093729430495933 1.5123914272047705
2.179519479491325 2.093729430495933 1.5123914272047705
2.1794618299003474 2.094527675056008 1.5122007308814567
2.17990565548057 2.093007603653563 1.5127826783398604
2.1806317684325256 2.0928286782440106 1.5134272000282663
2.179777258891874 2.0939329240151623 1.5148286470101457
2.179777258891874 2.0939329240151623 1.5148286470101457
2.179419685875281 2.0945394741850483 1.5141019350672558
2.179419685875281 2.0945394741850483 1.5141019350672558
2.1792597980374406 2.092204416135818 1.513967713122115
2.1793324075833067 2.092769171571447 1.514152397902233
2.1793324075833067 2.092769171571447 1.514152397902233
2.180222003250345 2.0919106786856174 1.5139553147222111
2.180222003250345 2.0919106786856174 1.5139553147222111
2.181339633879656 2.092431900005714 1.509496728504187
2.184340833861653 2.0925310137017172 1.5075503587673964
2.1843563447851913 2.092830415773492 1.5038365596608614
2.1847189608875315 2.09340360383812 1.4996555155949889
2.185179965353985 2.093812235085944 1.4965135665561027
2.185179965353985 2.093812235085944 1.4965135665561027
2.1903682019276807 2.092803036109578 1.4889390332843977
2.1903682019276807 2.092803036109578 1.4889390332843977
2.1935059258680165 2.0922166901685957 1.481704873514394
2.1935059258680165 2.0922166901685957 1.481704873514394
2.1935059258680165 2.0922166901685957 1.481704873514394
2.1941076779826703 2.0921850073084194 1.4788852863831616
2.1941076779826703 2.0921850073084194 1.4788852863831616
2.194614431487301 2.0914346178090186 1.4772108572483855
2.19999080166609 2.0899991939596148 1.471771709995432
2.19999080166609 2.0899991939596148 1.471771709995432
2.1998715783886365 2.090100927039983 1.4655574680182228
2.2030483177840687 2.088932095279995 1.459147375836273
2.198325830146732 2.082676557411584 1.4535533558610076
2.198325830146732 2.082676557411584 1.4535533558610076
2.196926323153251 2.0847673689051756 1.4485876699278366
2.1975952145473214 2.083803232553829 1.4436405498156963
2.1999360416521623 2.082706548186321 1.443715077475316
2.1995433251375927 2.08312677202821 1.4454275451820173
2.1995433251375927 2.08312677202821 1.4454275451820173
2.2056109789853484 2.082596352417588 1.4361788555260766
2.2056109789853484 2.082596352417588 1.4361788555260766
2.2102331874662045 2.083357541991024 1.4248830331151003
2.2084191369600807 2.0828956355513846 1.425940822247754
2.228635627478414 2.07773703994874 1.3737408734483851
2.2259837458091902 2.078178345235034 1.376925626635284
2.2268023701160105 2.0780149394480274 1.3733372599694311
2.2288211362500734 2.077534204106609 1.376129766693297
2.2301408981674467 2.0772775224394975 1.372133572106854
2.2301408981674467 2.0772775224394975 1.372133572106854
2.2302091024770454 2.0773718094604146 1.3726902258455311
2.230829212844709 2.0772781363870862 1.3706435536667554
2.2260770141388093 2.077808506244582 1.3742779201988322
2.2260770141388093 2.077808506244582 1.3742779201988322
2.227453405924798 2.0769787751705797 1.376170932766236
2.227651664398373 2.0768129184010706 1.3737902747240058
2.227651664398373 2.0768129184010706 1.3737902747240058
2.226748405736799 2.0769128756532687 1.3742979950746246
2.225741941498293 2.075247573138299 1.3745219693822504
2.225741941498293 2.075247573138299 1.3745219693822504
2.2256061948987305 2.0646968959181393 1.3740599522427617
2.2256061948987305 2.0646968959181393 1.3740599522427617
2.2243767948017554 2.0640585024720983 1.3743597424936984
2.2245537773900237 2.064763083227303 1.3749920183830457
2.2245537773900237 2.064763083227303 1.3749920183830457
2.224972278507674 2.0506013179783666 1.3748633938903243
2.220925178227586 2.0308405001054703 1.3751706846656793
2.220925178227586 2.0308405001054703 1.3751706846656793
2.2196527455765405 2.0217694803752595 1.375616151036425
2.2196527455765405 2.0217694803752595 1.375616151036425
2.2121400453768287 1.9819503728621384 1.3767690320837032
2.2121400453768287 1.9819503728621384 1.3767690320837032
2.212640171289852 1.984975086030211 1.3769585731831215
2.210115964814233 1.9643021309230193 1.3773758646322205
2.204046795224646 1.940514887345508 1.3780622545676098
2.204046795224646 1.940514887345508 1.3780622545676098
2.1945507883202793 1.8946957301201652 1.3792938135550203
2.197468423367058 1.8964141030806634 1.3798794958436333
2.197646594680903 1.8974925466627608 1.3798949266112623
2.1910823008358657 1.868476994413643 1.3802327907936736
2.1910823008358657 1.868476994413643 1.3802327907936736
2.1896447333973406 1.8611524538164843 1.3800947887968622
2.1896447333973406 1.8611524538164843 1.3800947887968622
2.1896447333973406 1.8611524538164843 1.3800947887968622
2.189690291031533 1.8616593736804425 1.3800795775822696
2.185349284177026 1.8219689204403582 1.3813564395441658
2.185349284177026 1.8219689204403582 1.3813564395441658
2.1766225030542414 1.782226708793258 1.3818205400873396
2.1674404234453646 1.7457054402039789 1.3827178236493287
2.1674404234453646 1.7457054402039789 1.3827178236493287
2.160872017823554 1.7194298537709334 1.383061586373758
2.156080430079635 1.7080031241624503 1.3828261199575431
2.156080430079635 1.7080031241624503 1.3828261199575431
2.1508950787457284 1.6832892297978692 1.3836679793270743
2.143427679009382 1.6540150719103144 1.3844851001812402
2.143427679009382 1.6540150719103144 1.3844851001812402
2.146434596752881 1.6661475863585797 1.3843288499339905
2.146434596752881 1.6661475863585797 1.3843288499339905
2.1363405686478587 1.612896173229581 1.3845255909464855
2.1363405686478587 1.612896173229581 1.3845255909464855
2.1363405686478587 1.612896173229581 1.3845255909464855
2.12934869330606 1.5678804882700748 1.3867943971059713
2.12934869330606 1.5678804882700748 1.3867943971059713
2.137685409856422 1.5871583465266985 1.386651552330072
2.132634183842825 1.5847787388846073 1.386674653858619
2.132634183842825 1.5847787388846073 1.386674653858619
2.1230637992764603 1.551270116696347 1.387267973303155
2.1230637992764603 1.551270116696347 1.387267973303155
2.124778175803218 1.5375304089720774 1.3875764011267409
2.115107294856162 1.4977647741440272 1.3878471760491156
2.115107294856162 1.4977647741440272 1.3878471760491156
2.1067460932610316 1.4851902037293474 1.3877846504111855
2.101354992881441 1.4632005506153447 1.3879913474198757
2.1017458200677916 1.4649869731235694 1.3879897125495777
2.1017458200677916 1.4649869731235694 1.3879897125495777
2.0974862939162144 1.4369148150704811 1.3884890627178272
2.0902375306001058 1.3944336920467926 1.3889313427446872
2.079190974708185 1.326233470577127 1.391117791584947
2.079190974708185 1.326233470577127 1.391117791584947
2.076786264371856 1.306888258138054 1.3910752980150496
2.0794954389265263 1.3011360703055854 1.391277218737887
2.0794954389265263 1.3011360703055854 1.391277218737887
2.071351322423603 1.267324087459361 1.3923030888121906
2.071351322423603 1.267324087459361 1.3923030888121906
2.0650696422717187 1.2315265674106388 1.392975797963694
2.0650696422717187 1.2315265674106388 1.392975797963694
2.065355361240943 1.231137687827091 1.3930254792291574
2.0660908369741855 1.2352225800595416 1.3929936590913388
2.0660908369741855 1.2352225800595416 1.3929936590913388
2.057590504164903 1.1802952081697413 1.3944965699242093
2.050592226009696 1.1442402013885606 1.3948596436152672
2.050592226009696 1.1442402013885606 1.3948596436152672
2.0481341859489257 1.1296968591173333 1.3951111101626337
2.0481341859489257 1.1296968591173333 1.3951111101626337
2.044405808226774 1.103416554103235 1.395615274333216
2.045147209996932 1.1077801175529405 1.395578451271092
2.045147209996932 1.1077801175529405 1.395578451271092
2.0407124631001237 1.0836284237871157 1.3962313226315934
2.0383715829765148 1.069430377751958 1.396500082261574
2.007209993034568 0.7869428107815198 1.4032279965241363
2.007209993034568 0.7869428107815198 1.4032279965241363
2.007471344017816 0.7890932903149713 1.4032198734330323
2.0066442456596403 0.7784871993149503 1.4035069794550408
2.009591483518245 0.7951000238215462 1.4026528413807036
2.009591483518245 0.7951000238215462 1.4026528413807036
2.007824920787133 0.7943757769221698 1.4031076637537563
2.008658289078069 0.7964167863671661 1.4030955014666489
2.008658289078069 0.7964167863671661 1.4030955014666489
2.0096312695608707 0.7990137495303836 1.4035843893705195
2.009428908760683 0.8007478209333491 1.4042627146419742
2.0104990318771723 0.8020952986678496 1.4066730883992127
2.0118540807014598 0.8017723010185199 1.408124948914356
2.0118540807014598 0.8017723010185199 1.408124948914356
2.012909534502632 0.8045206811874873 1.4117715137311195
2.0158272984840155 0.8051534665024394 1.4169437090069943
2.0158272984840155 0.8051534665024394 1.4169437090069943
2.0153368862941887 0.8071761574706259 1.4209129619332084
2.0155876681778153 0.8078342810822103 1.4238445972922529
2.0155876681778153 0.8078342810822103 1.4238445972922529
2.016431591530447 0.8098182503975261 1.424904596503923
2.0144364605310647 0.8121527919293263 1.438281217239565
2.0144364605310647 0.8121527919293263 1.438281217239565
2.0146449423561377 0.8117552164983572 1.4425829628348497
2.013084337374054 0.8129275616089429 1.4461728221699879
2.013084337374054 0.8129275616089429 1.4461728221699879
2.0124309908570877 0.814904160052249 1.4483254847741183
2.0089341792895024 0.816976986410754 1.456376095117438
2.0089341792895024 0.816976986410754 1.456376095117438
2.0071664412129233 0.8175949515478748 1.4623509041199778
2.0071664412129233 0.8175949515478748 1.4623509041199778
2.0061078221536617 0.8179794304559483 1.4651308990349117
2.0055195624170237 0.8177073597159022 1.4686777848032069
2.005141330849853 0.8212981296283524 1.4708927157237124
2.005141330849853 0.8212981296283524 1.4708927157237124
2.0041115886681267 0.8204930919758259 1.4728224298773454
2.0029797939032594 0.8200545606281727 1.4775158214752766
2.002176971894323 0.8206439953213205 1.4847574832160495
2.002176971894323 0.8206439953213205 1.4847574832160495
1.9998754224454973 0.8214821794055329 1.4926627405696555
1.9998754224454973 0.8214821794055329 1.4926627405696555
1.9988962297206065 0.825716907805951 1.4950843617477538
1.997400847248464 0.8223314901746392 1.5032474571870986
1.997400847248464 0.8223314901746392 1.5032474571870986
1.9958779442961787 0.8255552845552375 1.5074979301626437
1.9946754391289248 0.8250442231206567 1.5095450523415763
1.9943279608474342 0.8262616275346863 1.510682094962763
1.9943279608474342 0.8262616275346863 1.510682094962763
1.9933826105058492 0.8268163328271526 1.52581084217499
1.9939298965122385 0.8288829927639713 1.5283101651376878
1.9939298965122385 0.8288829927639713 1.5283101651376878
1.991704904256625 0.8269487835574939 1.52955307586085
1.993517960361376 0.8287089777239955 1.5366869901165963
1.9908781368331454 0.8234222659646212 1.5408551630118401
1.9905476796226729 0.8260515868270576 1.5428599554975913
1.9885882887539095 0.8265322327577077 1.5489851453406267
1.9885882887539095 0.8265322327577077 1.5489851453406267
1.9921529095422223 0.8278811519207168 1.5565670741465043
1.9915273000442746 0.8304391028111999 1.561459587749729
1.9907201874563114 0.8316598969004394 1.563311447200765
1.9907201874563114 0.8316598969004394 1.563311447200765
1.9907201874563114 0.8316598969004394 1.563311447200765
1.990808703414278 0.8323950864047903 1.5648334060165316
1.9887972912962881 0.831511958887659 1.5709179135757283
1.9887972912962881 0.831511958887659 1.5709179135757283
1.9897472966144596 0.8329956079243586 1.5770071355642674
1.9897472966144596 0.8329956079243586 1.5770071355642674
1.989203296059259 0.8352038710321865 1.5817577959865954
1.9909751514879594 0.8341297807401908 1.5824798071897277
1.9909751514879594 0.8341297807401908 1.5824798071897277
1.9909751514879594 0.8341297807401908 1.5824798071897277
1.9890335679336955 0.8376460961745369 1.5939395772838842
1.9890335679336955 0.8376460961745369 1.5939395772838842
1.9865877607211622 0.8383916401874622 1.6008482960297996
1.9865877607211622 0.8383916401874622 1.6008482960297996
1.986078858008603 0.8405896968666678 1.6077916327459176
1.986078858008603 0.8405896968666678 1.6077916327459176
1.9849127730427127 0.8392805656682294 1.6100857249708025
1.9849127730427127 0.8392805656682294 1.6100857249708025
1.9841317648071592 0.840945408433165 1.614922291222209
1.9884794994456791 0.8382264585676056 1.608723432958712
1.9884477420128015 0.8389796219044076 1.6114107335659318
1.9884477420128015 0.8389796219044076 1.6114107335659318
1.9877150380409871 0.8370714460428605 1.6067120740755672
1.9877150380409871 0.8370714460428605 1.6067120740755672
